Godot Engine v3.2.4.rc.custom_build.6fa9df045 - https://godotengine.org
tcp://127.0.0.1:12345
2
2
2
2
2
OpenGL ES 3.0 Renderer: L
2
2
2
2
2
2
2
2
2
2
2
2
2
2
2
2
2
2
2
2
2
2
2
2
2
2
2
2
2
2
2
2
2
2
2
2
2
2
2
2
2
2
2
2
2
2
2
2
2
2
2
2
2
2
2
2
2
2
2
2
2
2
2
2
2
2
2
2
2
2
2
2
2
2
2
2
2
2
2
2
2
2
2
2
2
2
2
2
2
2
2
2
2
2
2
2
2
2
2
2
2
2
2
2
2
2
2
2
2
2
2
2
2
2
2
2
2
2
2
2
2
2
2
2
2
2
2
2
2
2
2
2
2
2
2
2
2
2
2
2
2
2
2
2
2
2
2
2
2
2
2
2
2
2
2
2
2
2
2
2
2
2
2
2
2
2
2
2
2
2
2
2
2
2
2
2
2
2
2
2
2
2
2
2
2
2
2
2
2
2
2
2
2
2
2
2
2
2
2
2
2
2
2
2
2
2
2
2
2
2
2
2
2
2
2
2
2
2
2
2
83
2
43
4
2
4
2
225
2
2
OpenGL ES Batching: ON
154
2
47
42
8
8
8
8
8
40
8
8
8
8
8
40
8
8
8
8
8
40
8
8
8
8
8
40
8
8
8
8
8
25
2
95
10
10
10
10
10
57
10
10
10
10
10
57
10
10
10
10
10
57
10
10
10
10
10
57
10
10
10
10
10
15
2
2
2
2
2
2
2
2
23
23
23
23
23
23
 
55
2
4
2
4
8
5
3
3
3
3
3
3
3
3
3
3
3
3
3
3
3
3
5
3
3
3
3
5
3
80
---------------------------
4356
16
16
16
16
16
52
16
46
27
27
25
67
49
17
13
13
13
13
13
13
13
59
13
13
13
13
13
13
13
211
16
46
27
27
25
67
49
17
13
13
13
13
13
13
13
59
13
13
13
13
13
13
13
180
16
69
17
13
13
13
13
13
13
13
59
13
13
13
13
13
13
13
132
16
69
17
13
13
13
13
13
13
13
59
13
13
13
13
13
13
13
227
2
2
4
2
4
8
5
3
3
3
3
3
3
5
3
3
36
2
4
2
4
8
5
3
3
3
3
3
3
3
3
3
3
3
3
3
5
3
65
4
2
4
2
4
8
5
3
3
3
3
3
3
5
3
3
144
2
4
2
4
8
5
3
3
3
3
3
3
3
5
3
299
2
4
2
4
8
5
3
3
3
3
3
3
3
3
3
3
3
3
3
3
3
3
5
3
3
3
3
5
3
176
---------------------------
292
---------------------------
292
---------------------------
292
---------------------------
292
---------------------------
292
---------------------------
292
---------------------------
292
---------------------------
292
---------------------------
292
---------------------------
292
---------------------------
292
---------------------------
292
---------------------------
292
---------------------------
292
---------------------------
292
---------------------------
292
---------------------------
292
---------------------------
292
---------------------------
292
---------------------------
292
---------------------------
292
---------------------------
292
---------------------------
292
---------------------------
292
---------------------------
292
---------------------------
292
---------------------------
292
---------------------------
292
---------------------------
292
---------------------------
292
---------------------------
292
---------------------------
292
---------------------------
292
---------------------------
292
---------------------------
292
---------------------------
292
---------------------------
292
---------------------------
292
---------------------------
292
---------------------------
292
---------------------------
292
---------------------------
292
---------------------------
292
---------------------------
292
---------------------------
292
---------------------------
292
---------------------------
292
---------------------------
292
---------------------------
292
---------------------------
292
---------------------------
292
---------------------------
292
---------------------------
292
---------------------------
292
---------------------------
292
---------------------------
292
---------------------------
292
---------------------------
292
---------------------------
292
---------------------------
292
---------------------------
292
---------------------------
292
---------------------------
292
---------------------------
292
---------------------------
292
---------------------------
292
---------------------------
292
---------------------------
292
---------------------------
292
---------------------------
292
---------------------------
292
---------------------------
292
---------------------------
292
---------------------------
292
---------------------------
292
---------------------------
292
---------------------------
292
---------------------------
292
---------------------------
292
---------------------------
292
---------------------------
292
---------------------------
292
---------------------------
292
---------------------------
292
---------------------------
292
---------------------------
292
---------------------------
292
---------------------------
292
---------------------------
292
---------------------------
292
---------------------------
292
---------------------------
292
---------------------------
292
---------------------------
292
---------------------------
292
---------------------------
292
---------------------------
292
---------------------------
292
---------------------------
292
---------------------------
292
---------------------------
292
---------------------------
307
---------------------------
307
---------------------------
307
---------------------------
307
---------------------------
307
---------------------------
307
---------------------------
307
---------------------------
3168
2
4
2
4
8
5
3
3
3
3
3
3
3
3
3
3
3
3
3
3
3
3
3
3
3
3
3
3
3
3
3
3
3
3
3
3
3
3
3
3
3
3
3
3
5
3
5
5
3
3
3462
2
4
2
4
8
5
3
3
3
3
3
3
3
3
3
3
3
3
3
3
3
3
3
3
3
3
3
3
3
3
3
3
3
3
5
5
5
5
5
3
3
3
3
3
5
5
5
5
5
5
5
1738
2
4
2
4
8
5
3
3
3
3
3
3
3
3
3
3
3
3
3
5
3
82
2
4
2
4
8
5
3
3
3
3
3
3
3
5
3
3
256
---------------------------
72
2
4
2
4
8
5
3
3
3
3
3
3
3
3
3
3
3
3
3
3
3
3
3
3
3
3
3
3
3
3
3
3
3
3
3
3
3
3
3
3
3
3
3
3
5
3
5
5
3
3
5397
---------------------------
5463
---------------------------
5463
---------------------------
5463
---------------------------
5463
---------------------------
5463
---------------------------
5463
---------------------------
5463
---------------------------
5463
---------------------------
5463
---------------------------
5463
---------------------------
5463
---------------------------
5463
---------------------------
5463
---------------------------
5455
---------------------------
5455
---------------------------
5455
---------------------------
5455
---------------------------
5455
---------------------------
5455
---------------------------
5455
---------------------------
5455
---------------------------
5455
---------------------------
5455
---------------------------
5455
---------------------------
5455
---------------------------
5455
---------------------------
5455
---------------------------
5455
---------------------------
5455
---------------------------
5455
---------------------------
5455
---------------------------
5455
---------------------------
5453
---------------------------
5453
---------------------------
5453
---------------------------
5445
---------------------------
5445
---------------------------
5445
---------------------------
5445
---------------------------
5439
---------------------------
5439
---------------------------
5439
---------------------------
5439
---------------------------
5439
---------------------------
5439
---------------------------
5428
---------------------------
5428
---------------------------
5434
---------------------------
5434
---------------------------
5434
---------------------------
5434
---------------------------
5458
---------------------------
5458
---------------------------
5458
---------------------------
5442
---------------------------
5442
---------------------------
5450
---------------------------
5450
---------------------------
5450
---------------------------
5450
---------------------------
5450
---------------------------
5450
---------------------------
5450
---------------------------
5450
---------------------------
5494
---------------------------
5494
---------------------------
5494
---------------------------
5494
---------------------------
5494
---------------------------
5494
---------------------------
5494
---------------------------
5510
---------------------------
5510
---------------------------
5510
---------------------------
5510
---------------------------
5510
---------------------------
5510
---------------------------
5510
---------------------------
5510
---------------------------
5512
---------------------------
5512
---------------------------
5512
---------------------------
5512
---------------------------
5488
---------------------------
5488
---------------------------
5480
---------------------------
5480
---------------------------
5504
---------------------------
5504
---------------------------
5504
---------------------------
5496
---------------------------
5496
---------------------------
5496
---------------------------
5496
---------------------------
5513
---------------------------
5513
---------------------------
5513
---------------------------
5513
---------------------------
5501
---------------------------
5501
---------------------------
5501
---------------------------
5501
---------------------------
5484
---------------------------
5484
---------------------------
5484
---------------------------
5484
---------------------------
5484
---------------------------
5484
---------------------------
5484
---------------------------
5484
---------------------------
5484
---------------------------
5485
---------------------------
5485
---------------------------
5478
---------------------------
5478
---------------------------
5467
---------------------------
5467
---------------------------
5477
---------------------------
5477
---------------------------
5489
---------------------------
5489
---------------------------
5489
---------------------------
5489
---------------------------
5489
---------------------------
5489
---------------------------
5489
---------------------------
5489
---------------------------
5489
---------------------------
5489
---------------------------
5489
---------------------------
5478
---------------------------
5478
---------------------------
5478
---------------------------
5478
---------------------------
5460
---------------------------
5460
---------------------------
5460
---------------------------
5460
---------------------------
5444
---------------------------
5444
---------------------------
5444
---------------------------
5444
---------------------------
5444
---------------------------
5444
---------------------------
5444
---------------------------
5444
---------------------------
5444
---------------------------
5434
---------------------------
5434
---------------------------
5434
---------------------------
5434
---------------------------
5445
---------------------------
5445
---------------------------
5463
---------------------------
5463
---------------------------
5463
---------------------------
5463
---------------------------
5439
---------------------------
5439
---------------------------
5439
---------------------------
5439
---------------------------
5439
---------------------------
5439
---------------------------
5439
---------------------------
5450
---------------------------
5450
---------------------------
5473
---------------------------
5473
---------------------------
5484
---------------------------
5484
---------------------------
5484
---------------------------
5484
---------------------------
5472
---------------------------
5472
---------------------------
5472
---------------------------
5472
---------------------------
5472
---------------------------
5472
---------------------------
5472
---------------------------
5472
---------------------------
5472
---------------------------
5472
---------------------------
5472
---------------------------
5472
---------------------------
5472
---------------------------
5472
---------------------------
5472
---------------------------
5472
---------------------------
5472
---------------------------
5472
---------------------------
5472
---------------------------
5472
---------------------------
5472
---------------------------
5472
---------------------------
5472
---------------------------
5496
---------------------------
5496
---------------------------
5496
---------------------------
5496
---------------------------
5496
---------------------------
5472
---------------------------
5472
---------------------------
5480
---------------------------
5480
---------------------------
5480
---------------------------
5480
---------------------------
5504
---------------------------
5504
---------------------------
5486
---------------------------
5486
---------------------------
5486
---------------------------
5486
---------------------------
5486
---------------------------
5486
---------------------------
5486
---------------------------
5486
---------------------------
5486
---------------------------
5516
---------------------------
5516
---------------------------
5505
---------------------------
5505
---------------------------
5510
---------------------------
5510
---------------------------
5453
---------------------------
5453
---------------------------
5453
---------------------------
5453
---------------------------
5458
---------------------------
5458
---------------------------
5458
---------------------------
5458
---------------------------
5499
---------------------------
5499
---------------------------
5499
---------------------------
5467
---------------------------
5467
---------------------------
5467
---------------------------
5467
---------------------------
5450
---------------------------
5450
---------------------------
5444
---------------------------
5444
---------------------------
5437
---------------------------
5437
---------------------------
5438
---------------------------
5438
---------------------------
5420
---------------------------
5420
---------------------------
5420
---------------------------
5420
---------------------------
5420
---------------------------
5420
---------------------------
5420
---------------------------
5420
---------------------------
5420
---------------------------
5436
---------------------------
5436
---------------------------
5420
---------------------------
5420
---------------------------
5426
---------------------------
5426
---------------------------
5415
---------------------------
5415
---------------------------
5404
---------------------------
5404
---------------------------
5446
---------------------------
5446
---------------------------
5404
---------------------------
5404
---------------------------
5404
---------------------------
5404
---------------------------
5404
---------------------------
5404
---------------------------
5404
---------------------------
5401
---------------------------
5401
---------------------------
5401
---------------------------
5401
---------------------------
5401
---------------------------
5401
---------------------------
5408
---------------------------
5408
---------------------------
5408
---------------------------
5408
---------------------------
5388
---------------------------
5388
---------------------------
5382
---------------------------
5382
---------------------------
5382
---------------------------
5400
---------------------------
5400
---------------------------
5384
---------------------------
5384
---------------------------
5389
---------------------------
5389
---------------------------
5367
---------------------------
5367
---------------------------
5367
---------------------------
5367
---------------------------
5345
---------------------------
5345
---------------------------
5361
---------------------------
5361
---------------------------
5321
---------------------------
5321
---------------------------
5322
---------------------------
5322
---------------------------
5322
---------------------------
5325
---------------------------
5325
---------------------------
5327
---------------------------
5327
---------------------------
5316
---------------------------
5316
---------------------------
5317
---------------------------
5317
---------------------------
5301
---------------------------
5301
---------------------------
5294
---------------------------
5294
---------------------------
5288
---------------------------
5288
---------------------------
5277
---------------------------
5277
---------------------------
5277
---------------------------
5281
---------------------------
5281
---------------------------
5305
---------------------------
5305
---------------------------
5305
---------------------------
5305
---------------------------
5283
---------------------------
5283
---------------------------
5301
---------------------------
5301
---------------------------
5274
---------------------------
5274
---------------------------
5245
---------------------------
5245
---------------------------
5245
---------------------------
5245
---------------------------
5245
---------------------------
5245
---------------------------
5245
---------------------------
5229
---------------------------
5229
---------------------------
5285
---------------------------
5285
---------------------------
5257
---------------------------
5257
---------------------------
5257
---------------------------
5257
---------------------------
5262
---------------------------
5262
---------------------------
5260
---------------------------
5260
---------------------------
5233
---------------------------
5233
---------------------------
5222
---------------------------
5222
---------------------------
5222
---------------------------
5211
---------------------------
5211
